11228 7767 9928 15001 10972 10081 14625 10667 8193 17200
7473
9826
8193
6913
7054
7756
7760
8795
8161
6695
5955
6821
5962
6578
10988
7393
8522
7800
8294
7177
7138
7984
7924
7885
8771
6321
9601
8824
6500
6619
7543
9522
7303
6961
7436
7241
22932
6512
7158
7038
12315
8861
6754
9133
9558
8828
10417
17749
6627
10266
13956
7555
11127
11102
12761
8914
7816
8895
7789
34228
7595
6864
7241
26816
7734
7872
6245
6207
9940
9063
9118
9964
8128
6429
10055
8002
6815
5821
7679
6797
6807
7356
7464
8054
6962
8328
6163
7361
7482
7235
7321
7211
4927
6750
6476
7344
6017
6856
8098
7866
8362
6917
5694
5279
6292
7462
8931
6509
6075
7279
7227
5647
6827
7278
6898
6024
5718
6901
6369
7495
9077
9489
6304
6025
9353
7672
9032
5962
7253
6157
6728
7268
8275
7055
10791
8803
8839
6055
8649
6693
13057
11685
14780
11997
10149
26351
11394
11929
9290
12323
14227
8868
9686
16377
9176
8982
185774
9862
12981
10800
132599
9803
38643
9649
8907
8818
9306
63746
97043
57776
41914
42972
28071
34797
38497
40815
9006
40272
21879
231222
22313
187271
186886
836543
23374
26951
27880
24103
278947
184735
